/*--------------------------------*- C++ -*----------------------------------*\
| =========                 |                                                 |
| \\      /  F ield         | OpenFOAM: The Open Source CFD Toolbox           |
|  \\    /   O peration     | Version:  v1812                                 |
|   \\  /    A nd           | Web:      www.OpenFOAM.com                      |
|    \\/     M anipulation  |                                                 |
\*---------------------------------------------------------------------------*/
FoamFile
{
    version     2.0;
    format      ascii;
    class       labelList;
    note        "nPoints:2387  nCells:1800  nFaces:5940  nInternalFaces:4860";
    location    "constant/water/polyMesh";
    object      neighbour;
}
// * * * * * * * * * * * * * * * * * * * * * * * * * * * * * * * * * * * * * //


4860
(
1
30
180
2
31
181
3
32
182
4
33
183
5
34
184
6
35
185
7
36
186
8
37
187
9
38
188
10
39
189
11
40
190
12
41
191
13
42
192
14
43
193
15
44
194
16
45
195
17
46
196
18
47
197
19
48
198
20
49
199
21
50
200
22
51
201
23
52
202
24
53
203
25
54
204
26
55
205
27
56
206
28
57
207
29
58
208
59
209
31
60
210
32
61
211
33
62
212
34
63
213
35
64
214
36
65
215
37
66
216
38
67
217
39
68
218
40
69
219
41
70
220
42
71
221
43
72
222
44
73
223
45
74
224
46
75
225
47
76
226
48
77
227
49
78
228
50
79
229
51
80
230
52
81
231
53
82
232
54
83
233
55
84
234
56
85
235
57
86
236
58
87
237
59
88
238
89
239
61
90
240
62
91
241
63
92
242
64
93
243
65
94
244
66
95
245
67
96
246
68
97
247
69
98
248
70
99
249
71
100
250
72
101
251
73
102
252
74
103
253
75
104
254
76
105
255
77
106
256
78
107
257
79
108
258
80
109
259
81
110
260
82
111
261
83
112
262
84
113
263
85
114
264
86
115
265
87
116
266
88
117
267
89
118
268
119
269
91
120
270
92
121
271
93
122
272
94
123
273
95
124
274
96
125
275
97
126
276
98
127
277
99
128
278
100
129
279
101
130
280
102
131
281
103
132
282
104
133
283
105
134
284
106
135
285
107
136
286
108
137
287
109
138
288
110
139
289
111
140
290
112
141
291
113
142
292
114
143
293
115
144
294
116
145
295
117
146
296
118
147
297
119
148
298
149
299
121
150
300
122
151
301
123
152
302
124
153
303
125
154
304
126
155
305
127
156
306
128
157
307
129
158
308
130
159
309
131
160
310
132
161
311
133
162
312
134
163
313
135
164
314
136
165
315
137
166
316
138
167
317
139
168
318
140
169
319
141
170
320
142
171
321
143
172
322
144
173
323
145
174
324
146
175
325
147
176
326
148
177
327
149
178
328
179
329
151
330
152
331
153
332
154
333
155
334
156
335
157
336
158
337
159
338
160
339
161
340
162
341
163
342
164
343
165
344
166
345
167
346
168
347
169
348
170
349
171
350
172
351
173
352
174
353
175
354
176
355
177
356
178
357
179
358
359
181
210
360
182
211
361
183
212
362
184
213
363
185
214
364
186
215
365
187
216
366
188
217
367
189
218
368
190
219
369
191
220
370
192
221
371
193
222
372
194
223
373
195
224
374
196
225
375
197
226
376
198
227
377
199
228
378
200
229
379
201
230
380
202
231
381
203
232
382
204
233
383
205
234
384
206
235
385
207
236
386
208
237
387
209
238
388
239
389
211
240
390
212
241
391
213
242
392
214
243
393
215
244
394
216
245
395
217
246
396
218
247
397
219
248
398
220
249
399
221
250
400
222
251
401
223
252
402
224
253
403
225
254
404
226
255
405
227
256
406
228
257
407
229
258
408
230
259
409
231
260
410
232
261
411
233
262
412
234
263
413
235
264
414
236
265
415
237
266
416
238
267
417
239
268
418
269
419
241
270
420
242
271
421
243
272
422
244
273
423
245
274
424
246
275
425
247
276
426
248
277
427
249
278
428
250
279
429
251
280
430
252
281
431
253
282
432
254
283
433
255
284
434
256
285
435
257
286
436
258
287
437
259
288
438
260
289
439
261
290
440
262
291
441
263
292
442
264
293
443
265
294
444
266
295
445
267
296
446
268
297
447
269
298
448
299
449
271
300
450
272
301
451
273
302
452
274
303
453
275
304
454
276
305
455
277
306
456
278
307
457
279
308
458
280
309
459
281
310
460
282
311
461
283
312
462
284
313
463
285
314
464
286
315
465
287
316
466
288
317
467
289
318
468
290
319
469
291
320
470
292
321
471
293
322
472
294
323
473
295
324
474
296
325
475
297
326
476
298
327
477
299
328
478
329
479
301
330
480
302
331
481
303
332
482
304
333
483
305
334
484
306
335
485
307
336
486
308
337
487
309
338
488
310
339
489
311
340
490
312
341
491
313
342
492
314
343
493
315
344
494
316
345
495
317
346
496
318
347
497
319
348
498
320
349
499
321
350
500
322
351
501
323
352
502
324
353
503
325
354
504
326
355
505
327
356
506
328
357
507
329
358
508
359
509
331
510
332
511
333
512
334
513
335
514
336
515
337
516
338
517
339
518
340
519
341
520
342
521
343
522
344
523
345
524
346
525
347
526
348
527
349
528
350
529
351
530
352
531
353
532
354
533
355
534
356
535
357
536
358
537
359
538
539
361
390
540
362
391
541
363
392
542
364
393
543
365
394
544
366
395
545
367
396
546
368
397
547
369
398
548
370
399
549
371
400
550
372
401
551
373
402
552
374
403
553
375
404
554
376
405
555
377
406
556
378
407
557
379
408
558
380
409
559
381
410
560
382
411
561
383
412
562
384
413
563
385
414
564
386
415
565
387
416
566
388
417
567
389
418
568
419
569
391
420
570
392
421
571
393
422
572
394
423
573
395
424
574
396
425
575
397
426
576
398
427
577
399
428
578
400
429
579
401
430
580
402
431
581
403
432
582
404
433
583
405
434
584
406
435
585
407
436
586
408
437
587
409
438
588
410
439
589
411
440
590
412
441
591
413
442
592
414
443
593
415
444
594
416
445
595
417
446
596
418
447
597
419
448
598
449
599
421
450
600
422
451
601
423
452
602
424
453
603
425
454
604
426
455
605
427
456
606
428
457
607
429
458
608
430
459
609
431
460
610
432
461
611
433
462
612
434
463
613
435
464
614
436
465
615
437
466
616
438
467
617
439
468
618
440
469
619
441
470
620
442
471
621
443
472
622
444
473
623
445
474
624
446
475
625
447
476
626
448
477
627
449
478
628
479
629
451
480
630
452
481
631
453
482
632
454
483
633
455
484
634
456
485
635
457
486
636
458
487
637
459
488
638
460
489
639
461
490
640
462
491
641
463
492
642
464
493
643
465
494
644
466
495
645
467
496
646
468
497
647
469
498
648
470
499
649
471
500
650
472
501
651
473
502
652
474
503
653
475
504
654
476
505
655
477
506
656
478
507
657
479
508
658
509
659
481
510
660
482
511
661
483
512
662
484
513
663
485
514
664
486
515
665
487
516
666
488
517
667
489
518
668
490
519
669
491
520
670
492
521
671
493
522
672
494
523
673
495
524
674
496
525
675
497
526
676
498
527
677
499
528
678
500
529
679
501
530
680
502
531
681
503
532
682
504
533
683
505
534
684
506
535
685
507
536
686
508
537
687
509
538
688
539
689
511
690
512
691
513
692
514
693
515
694
516
695
517
696
518
697
519
698
520
699
521
700
522
701
523
702
524
703
525
704
526
705
527
706
528
707
529
708
530
709
531
710
532
711
533
712
534
713
535
714
536
715
537
716
538
717
539
718
719
541
570
720
542
571
721
543
572
722
544
573
723
545
574
724
546
575
725
547
576
726
548
577
727
549
578
728
550
579
729
551
580
730
552
581
731
553
582
732
554
583
733
555
584
734
556
585
735
557
586
736
558
587
737
559
588
738
560
589
739
561
590
740
562
591
741
563
592
742
564
593
743
565
594
744
566
595
745
567
596
746
568
597
747
569
598
748
599
749
571
600
750
572
601
751
573
602
752
574
603
753
575
604
754
576
605
755
577
606
756
578
607
757
579
608
758
580
609
759
581
610
760
582
611
761
583
612
762
584
613
763
585
614
764
586
615
765
587
616
766
588
617
767
589
618
768
590
619
769
591
620
770
592
621
771
593
622
772
594
623
773
595
624
774
596
625
775
597
626
776
598
627
777
599
628
778
629
779
601
630
780
602
631
781
603
632
782
604
633
783
605
634
784
606
635
785
607
636
786
608
637
787
609
638
788
610
639
789
611
640
790
612
641
791
613
642
792
614
643
793
615
644
794
616
645
795
617
646
796
618
647
797
619
648
798
620
649
799
621
650
800
622
651
801
623
652
802
624
653
803
625
654
804
626
655
805
627
656
806
628
657
807
629
658
808
659
809
631
660
810
632
661
811
633
662
812
634
663
813
635
664
814
636
665
815
637
666
816
638
667
817
639
668
818
640
669
819
641
670
820
642
671
821
643
672
822
644
673
823
645
674
824
646
675
825
647
676
826
648
677
827
649
678
828
650
679
829
651
680
830
652
681
831
653
682
832
654
683
833
655
684
834
656
685
835
657
686
836
658
687
837
659
688
838
689
839
661
690
840
662
691
841
663
692
842
664
693
843
665
694
844
666
695
845
667
696
846
668
697
847
669
698
848
670
699
849
671
700
850
672
701
851
673
702
852
674
703
853
675
704
854
676
705
855
677
706
856
678
707
857
679
708
858
680
709
859
681
710
860
682
711
861
683
712
862
684
713
863
685
714
864
686
715
865
687
716
866
688
717
867
689
718
868
719
869
691
870
692
871
693
872
694
873
695
874
696
875
697
876
698
877
699
878
700
879
701
880
702
881
703
882
704
883
705
884
706
885
707
886
708
887
709
888
710
889
711
890
712
891
713
892
714
893
715
894
716
895
717
896
718
897
719
898
899
721
750
900
722
751
901
723
752
902
724
753
903
725
754
904
726
755
905
727
756
906
728
757
907
729
758
908
730
759
909
731
760
910
732
761
911
733
762
912
734
763
913
735
764
914
736
765
915
737
766
916
738
767
917
739
768
918
740
769
919
741
770
920
742
771
921
743
772
922
744
773
923
745
774
924
746
775
925
747
776
926
748
777
927
749
778
928
779
929
751
780
930
752
781
931
753
782
932
754
783
933
755
784
934
756
785
935
757
786
936
758
787
937
759
788
938
760
789
939
761
790
940
762
791
941
763
792
942
764
793
943
765
794
944
766
795
945
767
796
946
768
797
947
769
798
948
770
799
949
771
800
950
772
801
951
773
802
952
774
803
953
775
804
954
776
805
955
777
806
956
778
807
957
779
808
958
809
959
781
810
960
782
811
961
783
812
962
784
813
963
785
814
964
786
815
965
787
816
966
788
817
967
789
818
968
790
819
969
791
820
970
792
821
971
793
822
972
794
823
973
795
824
974
796
825
975
797
826
976
798
827
977
799
828
978
800
829
979
801
830
980
802
831
981
803
832
982
804
833
983
805
834
984
806
835
985
807
836
986
808
837
987
809
838
988
839
989
811
840
990
812
841
991
813
842
992
814
843
993
815
844
994
816
845
995
817
846
996
818
847
997
819
848
998
820
849
999
821
850
1000
822
851
1001
823
852
1002
824
853
1003
825
854
1004
826
855
1005
827
856
1006
828
857
1007
829
858
1008
830
859
1009
831
860
1010
832
861
1011
833
862
1012
834
863
1013
835
864
1014
836
865
1015
837
866
1016
838
867
1017
839
868
1018
869
1019
841
870
1020
842
871
1021
843
872
1022
844
873
1023
845
874
1024
846
875
1025
847
876
1026
848
877
1027
849
878
1028
850
879
1029
851
880
1030
852
881
1031
853
882
1032
854
883
1033
855
884
1034
856
885
1035
857
886
1036
858
887
1037
859
888
1038
860
889
1039
861
890
1040
862
891
1041
863
892
1042
864
893
1043
865
894
1044
866
895
1045
867
896
1046
868
897
1047
869
898
1048
899
1049
871
1050
872
1051
873
1052
874
1053
875
1054
876
1055
877
1056
878
1057
879
1058
880
1059
881
1060
882
1061
883
1062
884
1063
885
1064
886
1065
887
1066
888
1067
889
1068
890
1069
891
1070
892
1071
893
1072
894
1073
895
1074
896
1075
897
1076
898
1077
899
1078
1079
901
930
1080
902
931
1081
903
932
1082
904
933
1083
905
934
1084
906
935
1085
907
936
1086
908
937
1087
909
938
1088
910
939
1089
911
940
1090
912
941
1091
913
942
1092
914
943
1093
915
944
1094
916
945
1095
917
946
1096
918
947
1097
919
948
1098
920
949
1099
921
950
1100
922
951
1101
923
952
1102
924
953
1103
925
954
1104
926
955
1105
927
956
1106
928
957
1107
929
958
1108
959
1109
931
960
1110
932
961
1111
933
962
1112
934
963
1113
935
964
1114
936
965
1115
937
966
1116
938
967
1117
939
968
1118
940
969
1119
941
970
1120
942
971
1121
943
972
1122
944
973
1123
945
974
1124
946
975
1125
947
976
1126
948
977
1127
949
978
1128
950
979
1129
951
980
1130
952
981
1131
953
982
1132
954
983
1133
955
984
1134
956
985
1135
957
986
1136
958
987
1137
959
988
1138
989
1139
961
990
1140
962
991
1141
963
992
1142
964
993
1143
965
994
1144
966
995
1145
967
996
1146
968
997
1147
969
998
1148
970
999
1149
971
1000
1150
972
1001
1151
973
1002
1152
974
1003
1153
975
1004
1154
976
1005
1155
977
1006
1156
978
1007
1157
979
1008
1158
980
1009
1159
981
1010
1160
982
1011
1161
983
1012
1162
984
1013
1163
985
1014
1164
986
1015
1165
987
1016
1166
988
1017
1167
989
1018
1168
1019
1169
991
1020
1170
992
1021
1171
993
1022
1172
994
1023
1173
995
1024
1174
996
1025
1175
997
1026
1176
998
1027
1177
999
1028
1178
1000
1029
1179
1001
1030
1180
1002
1031
1181
1003
1032
1182
1004
1033
1183
1005
1034
1184
1006
1035
1185
1007
1036
1186
1008
1037
1187
1009
1038
1188
1010
1039
1189
1011
1040
1190
1012
1041
1191
1013
1042
1192
1014
1043
1193
1015
1044
1194
1016
1045
1195
1017
1046
1196
1018
1047
1197
1019
1048
1198
1049
1199
1021
1050
1200
1022
1051
1201
1023
1052
1202
1024
1053
1203
1025
1054
1204
1026
1055
1205
1027
1056
1206
1028
1057
1207
1029
1058
1208
1030
1059
1209
1031
1060
1210
1032
1061
1211
1033
1062
1212
1034
1063
1213
1035
1064
1214
1036
1065
1215
1037
1066
1216
1038
1067
1217
1039
1068
1218
1040
1069
1219
1041
1070
1220
1042
1071
1221
1043
1072
1222
1044
1073
1223
1045
1074
1224
1046
1075
1225
1047
1076
1226
1048
1077
1227
1049
1078
1228
1079
1229
1051
1230
1052
1231
1053
1232
1054
1233
1055
1234
1056
1235
1057
1236
1058
1237
1059
1238
1060
1239
1061
1240
1062
1241
1063
1242
1064
1243
1065
1244
1066
1245
1067
1246
1068
1247
1069
1248
1070
1249
1071
1250
1072
1251
1073
1252
1074
1253
1075
1254
1076
1255
1077
1256
1078
1257
1079
1258
1259
1081
1110
1260
1082
1111
1261
1083
1112
1262
1084
1113
1263
1085
1114
1264
1086
1115
1265
1087
1116
1266
1088
1117
1267
1089
1118
1268
1090
1119
1269
1091
1120
1270
1092
1121
1271
1093
1122
1272
1094
1123
1273
1095
1124
1274
1096
1125
1275
1097
1126
1276
1098
1127
1277
1099
1128
1278
1100
1129
1279
1101
1130
1280
1102
1131
1281
1103
1132
1282
1104
1133
1283
1105
1134
1284
1106
1135
1285
1107
1136
1286
1108
1137
1287
1109
1138
1288
1139
1289
1111
1140
1290
1112
1141
1291
1113
1142
1292
1114
1143
1293
1115
1144
1294
1116
1145
1295
1117
1146
1296
1118
1147
1297
1119
1148
1298
1120
1149
1299
1121
1150
1300
1122
1151
1301
1123
1152
1302
1124
1153
1303
1125
1154
1304
1126
1155
1305
1127
1156
1306
1128
1157
1307
1129
1158
1308
1130
1159
1309
1131
1160
1310
1132
1161
1311
1133
1162
1312
1134
1163
1313
1135
1164
1314
1136
1165
1315
1137
1166
1316
1138
1167
1317
1139
1168
1318
1169
1319
1141
1170
1320
1142
1171
1321
1143
1172
1322
1144
1173
1323
1145
1174
1324
1146
1175
1325
1147
1176
1326
1148
1177
1327
1149
1178
1328
1150
1179
1329
1151
1180
1330
1152
1181
1331
1153
1182
1332
1154
1183
1333
1155
1184
1334
1156
1185
1335
1157
1186
1336
1158
1187
1337
1159
1188
1338
1160
1189
1339
1161
1190
1340
1162
1191
1341
1163
1192
1342
1164
1193
1343
1165
1194
1344
1166
1195
1345
1167
1196
1346
1168
1197
1347
1169
1198
1348
1199
1349
1171
1200
1350
1172
1201
1351
1173
1202
1352
1174
1203
1353
1175
1204
1354
1176
1205
1355
1177
1206
1356
1178
1207
1357
1179
1208
1358
1180
1209
1359
1181
1210
1360
1182
1211
1361
1183
1212
1362
1184
1213
1363
1185
1214
1364
1186
1215
1365
1187
1216
1366
1188
1217
1367
1189
1218
1368
1190
1219
1369
1191
1220
1370
1192
1221
1371
1193
1222
1372
1194
1223
1373
1195
1224
1374
1196
1225
1375
1197
1226
1376
1198
1227
1377
1199
1228
1378
1229
1379
1201
1230
1380
1202
1231
1381
1203
1232
1382
1204
1233
1383
1205
1234
1384
1206
1235
1385
1207
1236
1386
1208
1237
1387
1209
1238
1388
1210
1239
1389
1211
1240
1390
1212
1241
1391
1213
1242
1392
1214
1243
1393
1215
1244
1394
1216
1245
1395
1217
1246
1396
1218
1247
1397
1219
1248
1398
1220
1249
1399
1221
1250
1400
1222
1251
1401
1223
1252
1402
1224
1253
1403
1225
1254
1404
1226
1255
1405
1227
1256
1406
1228
1257
1407
1229
1258
1408
1259
1409
1231
1410
1232
1411
1233
1412
1234
1413
1235
1414
1236
1415
1237
1416
1238
1417
1239
1418
1240
1419
1241
1420
1242
1421
1243
1422
1244
1423
1245
1424
1246
1425
1247
1426
1248
1427
1249
1428
1250
1429
1251
1430
1252
1431
1253
1432
1254
1433
1255
1434
1256
1435
1257
1436
1258
1437
1259
1438
1439
1261
1290
1440
1262
1291
1441
1263
1292
1442
1264
1293
1443
1265
1294
1444
1266
1295
1445
1267
1296
1446
1268
1297
1447
1269
1298
1448
1270
1299
1449
1271
1300
1450
1272
1301
1451
1273
1302
1452
1274
1303
1453
1275
1304
1454
1276
1305
1455
1277
1306
1456
1278
1307
1457
1279
1308
1458
1280
1309
1459
1281
1310
1460
1282
1311
1461
1283
1312
1462
1284
1313
1463
1285
1314
1464
1286
1315
1465
1287
1316
1466
1288
1317
1467
1289
1318
1468
1319
1469
1291
1320
1470
1292
1321
1471
1293
1322
1472
1294
1323
1473
1295
1324
1474
1296
1325
1475
1297
1326
1476
1298
1327
1477
1299
1328
1478
1300
1329
1479
1301
1330
1480
1302
1331
1481
1303
1332
1482
1304
1333
1483
1305
1334
1484
1306
1335
1485
1307
1336
1486
1308
1337
1487
1309
1338
1488
1310
1339
1489
1311
1340
1490
1312
1341
1491
1313
1342
1492
1314
1343
1493
1315
1344
1494
1316
1345
1495
1317
1346
1496
1318
1347
1497
1319
1348
1498
1349
1499
1321
1350
1500
1322
1351
1501
1323
1352
1502
1324
1353
1503
1325
1354
1504
1326
1355
1505
1327
1356
1506
1328
1357
1507
1329
1358
1508
1330
1359
1509
1331
1360
1510
1332
1361
1511
1333
1362
1512
1334
1363
1513
1335
1364
1514
1336
1365
1515
1337
1366
1516
1338
1367
1517
1339
1368
1518
1340
1369
1519
1341
1370
1520
1342
1371
1521
1343
1372
1522
1344
1373
1523
1345
1374
1524
1346
1375
1525
1347
1376
1526
1348
1377
1527
1349
1378
1528
1379
1529
1351
1380
1530
1352
1381
1531
1353
1382
1532
1354
1383
1533
1355
1384
1534
1356
1385
1535
1357
1386
1536
1358
1387
1537
1359
1388
1538
1360
1389
1539
1361
1390
1540
1362
1391
1541
1363
1392
1542
1364
1393
1543
1365
1394
1544
1366
1395
1545
1367
1396
1546
1368
1397
1547
1369
1398
1548
1370
1399
1549
1371
1400
1550
1372
1401
1551
1373
1402
1552
1374
1403
1553
1375
1404
1554
1376
1405
1555
1377
1406
1556
1378
1407
1557
1379
1408
1558
1409
1559
1381
1410
1560
1382
1411
1561
1383
1412
1562
1384
1413
1563
1385
1414
1564
1386
1415
1565
1387
1416
1566
1388
1417
1567
1389
1418
1568
1390
1419
1569
1391
1420
1570
1392
1421
1571
1393
1422
1572
1394
1423
1573
1395
1424
1574
1396
1425
1575
1397
1426
1576
1398
1427
1577
1399
1428
1578
1400
1429
1579
1401
1430
1580
1402
1431
1581
1403
1432
1582
1404
1433
1583
1405
1434
1584
1406
1435
1585
1407
1436
1586
1408
1437
1587
1409
1438
1588
1439
1589
1411
1590
1412
1591
1413
1592
1414
1593
1415
1594
1416
1595
1417
1596
1418
1597
1419
1598
1420
1599
1421
1600
1422
1601
1423
1602
1424
1603
1425
1604
1426
1605
1427
1606
1428
1607
1429
1608
1430
1609
1431
1610
1432
1611
1433
1612
1434
1613
1435
1614
1436
1615
1437
1616
1438
1617
1439
1618
1619
1441
1470
1620
1442
1471
1621
1443
1472
1622
1444
1473
1623
1445
1474
1624
1446
1475
1625
1447
1476
1626
1448
1477
1627
1449
1478
1628
1450
1479
1629
1451
1480
1630
1452
1481
1631
1453
1482
1632
1454
1483
1633
1455
1484
1634
1456
1485
1635
1457
1486
1636
1458
1487
1637
1459
1488
1638
1460
1489
1639
1461
1490
1640
1462
1491
1641
1463
1492
1642
1464
1493
1643
1465
1494
1644
1466
1495
1645
1467
1496
1646
1468
1497
1647
1469
1498
1648
1499
1649
1471
1500
1650
1472
1501
1651
1473
1502
1652
1474
1503
1653
1475
1504
1654
1476
1505
1655
1477
1506
1656
1478
1507
1657
1479
1508
1658
1480
1509
1659
1481
1510
1660
1482
1511
1661
1483
1512
1662
1484
1513
1663
1485
1514
1664
1486
1515
1665
1487
1516
1666
1488
1517
1667
1489
1518
1668
1490
1519
1669
1491
1520
1670
1492
1521
1671
1493
1522
1672
1494
1523
1673
1495
1524
1674
1496
1525
1675
1497
1526
1676
1498
1527
1677
1499
1528
1678
1529
1679
1501
1530
1680
1502
1531
1681
1503
1532
1682
1504
1533
1683
1505
1534
1684
1506
1535
1685
1507
1536
1686
1508
1537
1687
1509
1538
1688
1510
1539
1689
1511
1540
1690
1512
1541
1691
1513
1542
1692
1514
1543
1693
1515
1544
1694
1516
1545
1695
1517
1546
1696
1518
1547
1697
1519
1548
1698
1520
1549
1699
1521
1550
1700
1522
1551
1701
1523
1552
1702
1524
1553
1703
1525
1554
1704
1526
1555
1705
1527
1556
1706
1528
1557
1707
1529
1558
1708
1559
1709
1531
1560
1710
1532
1561
1711
1533
1562
1712
1534
1563
1713
1535
1564
1714
1536
1565
1715
1537
1566
1716
1538
1567
1717
1539
1568
1718
1540
1569
1719
1541
1570
1720
1542
1571
1721
1543
1572
1722
1544
1573
1723
1545
1574
1724
1546
1575
1725
1547
1576
1726
1548
1577
1727
1549
1578
1728
1550
1579
1729
1551
1580
1730
1552
1581
1731
1553
1582
1732
1554
1583
1733
1555
1584
1734
1556
1585
1735
1557
1586
1736
1558
1587
1737
1559
1588
1738
1589
1739
1561
1590
1740
1562
1591
1741
1563
1592
1742
1564
1593
1743
1565
1594
1744
1566
1595
1745
1567
1596
1746
1568
1597
1747
1569
1598
1748
1570
1599
1749
1571
1600
1750
1572
1601
1751
1573
1602
1752
1574
1603
1753
1575
1604
1754
1576
1605
1755
1577
1606
1756
1578
1607
1757
1579
1608
1758
1580
1609
1759
1581
1610
1760
1582
1611
1761
1583
1612
1762
1584
1613
1763
1585
1614
1764
1586
1615
1765
1587
1616
1766
1588
1617
1767
1589
1618
1768
1619
1769
1591
1770
1592
1771
1593
1772
1594
1773
1595
1774
1596
1775
1597
1776
1598
1777
1599
1778
1600
1779
1601
1780
1602
1781
1603
1782
1604
1783
1605
1784
1606
1785
1607
1786
1608
1787
1609
1788
1610
1789
1611
1790
1612
1791
1613
1792
1614
1793
1615
1794
1616
1795
1617
1796
1618
1797
1619
1798
1799
1621
1650
1622
1651
1623
1652
1624
1653
1625
1654
1626
1655
1627
1656
1628
1657
1629
1658
1630
1659
1631
1660
1632
1661
1633
1662
1634
1663
1635
1664
1636
1665
1637
1666
1638
1667
1639
1668
1640
1669
1641
1670
1642
1671
1643
1672
1644
1673
1645
1674
1646
1675
1647
1676
1648
1677
1649
1678
1679
1651
1680
1652
1681
1653
1682
1654
1683
1655
1684
1656
1685
1657
1686
1658
1687
1659
1688
1660
1689
1661
1690
1662
1691
1663
1692
1664
1693
1665
1694
1666
1695
1667
1696
1668
1697
1669
1698
1670
1699
1671
1700
1672
1701
1673
1702
1674
1703
1675
1704
1676
1705
1677
1706
1678
1707
1679
1708
1709
1681
1710
1682
1711
1683
1712
1684
1713
1685
1714
1686
1715
1687
1716
1688
1717
1689
1718
1690
1719
1691
1720
1692
1721
1693
1722
1694
1723
1695
1724
1696
1725
1697
1726
1698
1727
1699
1728
1700
1729
1701
1730
1702
1731
1703
1732
1704
1733
1705
1734
1706
1735
1707
1736
1708
1737
1709
1738
1739
1711
1740
1712
1741
1713
1742
1714
1743
1715
1744
1716
1745
1717
1746
1718
1747
1719
1748
1720
1749
1721
1750
1722
1751
1723
1752
1724
1753
1725
1754
1726
1755
1727
1756
1728
1757
1729
1758
1730
1759
1731
1760
1732
1761
1733
1762
1734
1763
1735
1764
1736
1765
1737
1766
1738
1767
1739
1768
1769
1741
1770
1742
1771
1743
1772
1744
1773
1745
1774
1746
1775
1747
1776
1748
1777
1749
1778
1750
1779
1751
1780
1752
1781
1753
1782
1754
1783
1755
1784
1756
1785
1757
1786
1758
1787
1759
1788
1760
1789
1761
1790
1762
1791
1763
1792
1764
1793
1765
1794
1766
1795
1767
1796
1768
1797
1769
1798
1799
1771
1772
1773
1774
1775
1776
1777
1778
1779
1780
1781
1782
1783
1784
1785
1786
1787
1788
1789
1790
1791
1792
1793
1794
1795
1796
1797
1798
1799
)


// ************************************************************************* //
